12582912
5244416
-1340932068
605303571
873726987
805307401
12595200
4194304
-267321344
295710976
1612709888
805307407
12595200
4194304
-535752704
12595200
5314048
-1743126528
1611733504
873727001
805307415
805306624
1745893376
1342177558
1610612736
805307419
1745893376
1745958912
605303592
873727011
805307425
1716736
1623236615
1716736
1906352394
805307430
1716736
1623236621
1716736
1623236624
873727022
805307436
805306646
1610612736
1342177536
1745893376
873727026
1189632
295706624
1747990528
873727041
873727035
805307448
12587008
5383936
1621106698
13772288
4194304
1621102602
805307454
1189632
1906319626
13772288
4194304
-267321344
873727049
805307462
13772288
4194304
-267386880
270139648
269550080
1880230400
805307468
135936256
1611803136
135936256
404359680
1612359243
0
0
0
0
0
0
0
0
0
0
0
0
0
0
0
0
0
0
0
0
0
0
0
0
0
0
0
0
0
0
0
0
0
0
0
0
0
0
0
0
0
0
0
0
0
0
0
0
0
0
0
0
0
0
0
0
0
0
0
0
0
0
0
0
0
0
0
0
0
0
0
0
0
0
0
0
0
0
0
0
0
0
0
0
0
0
0
0
0
0
0
0
0
0
0
0
0
0
0
0
0
0
0
0
0
0
0
0
0
0
0
0
0
0
0
0
0
0
0
0
0
0
0
0
0
0
0
0
0
0
0
0
0
0
0
0
0
0
0
0
0
0
0
0
0
0
0
0
0
0
0
0
0
0
0
0
0
0
0
0
0
0
0
0
0
0
0
0
0
0
0
0
0
0
0
0
0
