0 00 00 00 0 1 1 0 0 0000 0000 0000 00000000
0 00 00 00 0 0 1 0 1 0000 0000 0110 00000000
1 01 10 00 0 0 0 0 1 0011 0000 0000 00011100
0 01 00 10 0 0 0 0 1 0100 0011 0011 00010011
0 01 10 10 0 0 0 0 1 0100 0000 0100 00001011
0 01 10 00 0 0 0 0 0 0000 0000 0100 00001001
0 00 00 00 0 1 1 0 0 0000 0011 0000 00000000
0 00 00 00 0 0 1 0 0 0000 0000 0000 00000000
1 11 10 00 0 0 0 0 1 0001 0000 0000 00000000
0 00 10 00 1 1 0 1 0 0000 0011 0001 00000000
0 11 00 00 0 0 0 1 0 0000 0000 0000 00000000
0 01 10 00 0 0 0 0 0 0000 0000 0100 00001111
0 00 00 00 0 1 1 0 0 0000 0011 0000 00000000
0 00 00 00 0 0 1 0 0 0000 0000 0000 00000000
1 11 00 00 0 0 0 0 1 0001 0001 0000 00000000
0 00 00 00 0 1 1 0 0 0000 0011 0000 00000000
0 00 00 00 0 0 1 0 1 0001 0001 0110 00000000
1 00 11 00 0 0 0 0 1 1010 0000 0000 00000000
0 11 00 00 0 0 0 0 1 0001 0001 1010 00000000
0 01 10 10 0 0 0 0 1 0100 0000 0100 00011001
0 01 10 00 0 0 0 0 0 0000 0000 0100 00010111
0 01 10 00 0 0 0 0 0 0000 0000 0001 00000000
0 11 01 00 0 0 0 0 1 0000 0011 1000 00000000
0 10 10 00 0 0 0 0 0 0000 0000 0001 00010110
0 11 00 00 0 0 0 0 0 0000 0000 0000 00000000
0 01 10 00 0 0 0 0 0 0000 0000 0100 00011011
0 11 01 00 0 0 0 0 1 0000 0011 1000 00000000
0 11 01 00 0 0 0 0 1 0001 0011 1000 00000000
0 01 00 10 0 0 0 0 1 0100 0011 0011 00101000
0 01 10 10 0 0 0 0 1 0100 0000 0100 00100011
0 01 10 00 0 0 0 0 0 0000 0000 0100 00100001
0 00 00 00 0 0 0 0 1 1010 0011 0010 00000000
0 11 00 00 0 1 1 0 0 0000 1010 0000 00000111
0 00 00 00 0 0 0 0 1 1010 0011 0010 00000000
0 11 10 00 1 1 0 1 0 0000 1010 0001 00001010
0 01 10 00 0 0 0 0 0 0000 0000 0100 00100110
0 00 00 00 0 0 0 0 1 1010 0011 0010 00000000
0 11 00 00 0 1 1 0 0 0000 1010 0000 00001101
0 00 00 00 0 0 0 0 1 1010 0011 0010 00000000
0 11 00 00 0 1 1 0 0 0000 1010 0000 00010000
0 01 10 10 0 0 0 0 1 0100 0000 0100 00101110
0 01 10 00 0 0 0 0 0 0000 0000 0100 00101100
0 01 10 00 0 0 0 0 0 0000 0000 0001 00010110
0 11 00 00 0 0 0 0 0 0000 0000 0000 00000000
0 10 10 00 0 0 0 0 0 0000 0000 0001 00000000
0 11 01 00 0 0 0 0 1 0000 0011 1000 00000000
0 01 10 10 0 0 0 0 1 0100 0000 0100 00110010
0 00 00 00 0 0 0 0 1 0010 0010 0111 00000000
0 00 10 00 1 1 0 1 0 0000 0010 0000 00000000
0 11 01 00 0 0 0 1 1 0000 0011 1000 00000000
0 01 10 10 0 0 0 0 1 0100 0000 0100 01000001
0 01 10 10 0 0 0 0 1 0100 0000 0100 00111011
0 01 10 00 0 0 0 0 0 0000 0000 0100 00111000
0 00 00 00 0 1 1 0 0 0000 0001 0000 00000000
0 00 00 00 0 0 1 0 1 0010 0010 0111 00000000
0 11 00 00 0 1 0 1 0 0000 0010 0000 00001010
0 00 00 00 0 1 1 0 1 0010 0010 0110 00000000
0 00 00 00 0 0 1 0 0 0000 0000 0000 00000000
0 11 00 00 0 1 0 1 0 0000 0001 0000 00001010
0 01 10 00 0 0 0 0 0 0000 0000 0100 00111110
0 00 00 00 0 0 0 0 1 0010 0010 0111 00000000
0 11 10 00 1 1 0 1 0 0000 0010 0001 00001010
0 00 00 00 0 1 1 0 1 0010 0010 0110 00000000
0 00 00 00 0 0 1 0 0 0000 0000 0000 00000000
1 11 10 00 0 0 0 0 1 0001 0000 0000 00000000
0 01 10 10 0 0 0 0 1 0100 0000 0100 01001001
0 01 10 00 0 0 0 0 0 0000 0000 0100 01000110
0 00 00 00 0 1 1 0 1 0010 0010 0110 00000000
0 00 00 00 0 0 1 0 0 0000 0000 0000 00000000
1 11 10 00 0 0 0 0 1 0000 0000 0000 00000000
0 00 10 00 0 0 0 0 1 1010 0000 0001 00000000
0 00 10 00 0 0 0 0 1 0001 0000 0010 00000000
0 11 10 00 0 0 0 0 1 0010 0000 1010 00000000
0 01 10 00 0 0 0 0 0 0000 0000 0100 01001100
0 00 01 00 0 0 0 0 1 1010 0011 1001 00000000
0 11 00 00 0 0 0 0 1 0010 0010 1010 00000000
0 00 01 00 0 0 0 0 1 1010 0011 1001 00000000
0 00 11 00 0 0 0 0 1 1010 0000 1010 00000000
0 11 00 00 0 0 0 0 1 1010 1010 0110 01001011
0 00 00 00 0 0 0 0 0 0000 0000 0000 00000000
0 00 00 00 0 0 0 0 0 0000 0000 0000 00000000
0 00 00 00 0 0 0 0 0 0000 0000 0000 00000000
0 00 00 00 0 0 0 0 0 0000 0000 0000 00000000
0 00 00 00 0 0 0 0 0 0000 0000 0000 00000000
0 00 00 00 0 0 0 0 0 0000 0000 0000 00000000
0 00 00 00 0 0 0 0 0 0000 0000 0000 00000000
0 00 00 00 0 0 0 0 0 0000 0000 0000 00000000
0 00 00 00 0 0 0 0 0 0000 0000 0000 00000000
0 00 00 00 0 0 0 0 0 0000 0000 0000 00000000
0 00 00 00 0 0 0 0 0 0000 0000 0000 00000000
0 00 00 00 0 0 0 0 0 0000 0000 0000 00000000
0 00 00 00 0 0 0 0 0 0000 0000 0000 00000000
0 00 00 00 0 0 0 0 0 0000 0000 0000 00000000
0 00 00 00 0 0 0 0 0 0000 0000 0000 00000000
0 00 00 00 0 0 0 0 0 0000 0000 0000 00000000
0 00 00 00 0 0 0 0 0 0000 0000 0000 00000000
0 00 00 00 0 0 0 0 0 0000 0000 0000 00000000
0 00 00 00 0 0 0 0 0 0000 0000 0000 00000000
0 00 00 00 0 0 0 0 0 0000 0000 0000 00000000
0 00 00 00 0 0 0 0 0 0000 0000 0000 00000000
0 00 00 00 0 0 0 0 0 0000 0000 0000 00000000
0 00 00 00 0 0 0 0 0 0000 0000 0000 00000000
0 00 00 00 0 0 0 0 0 0000 0000 0000 00000000
0 00 00 00 0 0 0 0 0 0000 0000 0000 00000000
0 00 00 00 0 0 0 0 0 0000 0000 0000 00000000
0 00 00 00 0 0 0 0 0 0000 0000 0000 00000000
0 00 00 00 0 0 0 0 0 0000 0000 0000 00000000
0 00 00 00 0 0 0 0 0 0000 0000 0000 00000000
0 00 00 00 0 0 0 0 0 0000 0000 0000 00000000
0 00 00 00 0 0 0 0 0 0000 0000 0000 00000000
0 00 00 00 0 0 0 0 0 0000 0000 0000 00000000
0 00 00 00 0 0 0 0 0 0000 0000 0000 00000000
0 00 00 00 0 0 0 0 0 0000 0000 0000 00000000
0 00 00 00 0 0 0 0 0 0000 0000 0000 00000000
0 00 00 00 0 0 0 0 0 0000 0000 0000 00000000
0 00 00 00 0 0 0 0 0 0000 0000 0000 00000000
0 00 00 00 0 0 0 0 0 0000 0000 0000 00000000
0 00 00 00 0 0 0 0 0 0000 0000 0000 00000000
0 00 00 00 0 0 0 0 0 0000 0000 0000 00000000
0 00 00 00 0 0 0 0 0 0000 0000 0000 00000000
0 00 00 00 0 0 0 0 0 0000 0000 0000 00000000
0 00 00 00 0 0 0 0 0 0000 0000 0000 00000000
0 00 00 00 0 0 0 0 0 0000 0000 0000 00000000
0 00 00 00 0 0 0 0 0 0000 0000 0000 00000000
0 00 00 00 0 0 0 0 0 0000 0000 0000 00000000
0 00 00 00 0 0 0 0 0 0000 0000 0000 00000000
0 00 00 00 0 0 0 0 0 0000 0000 0000 00000000
0 00 00 00 0 0 0 0 0 0000 0000 0000 00000000
0 00 00 00 0 0 0 0 0 0000 0000 0000 00000000
0 00 00 00 0 0 0 0 0 0000 0000 0000 00000000
0 00 00 00 0 0 0 0 0 0000 0000 0000 00000000
0 00 00 00 0 0 0 0 0 0000 0000 0000 00000000
0 00 00 00 0 0 0 0 0 0000 0000 0000 00000000
0 00 00 00 0 0 0 0 0 0000 0000 0000 00000000
0 00 00 00 0 0 0 0 0 0000 0000 0000 00000000
0 00 00 00 0 0 0 0 0 0000 0000 0000 00000000
0 00 00 00 0 0 0 0 0 0000 0000 0000 00000000
0 00 00 00 0 0 0 0 0 0000 0000 0000 00000000
0 00 00 00 0 0 0 0 0 0000 0000 0000 00000000
0 00 00 00 0 0 0 0 0 0000 0000 0000 00000000
0 00 00 00 0 0 0 0 0 0000 0000 0000 00000000
0 00 00 00 0 0 0 0 0 0000 0000 0000 00000000
0 00 00 00 0 0 0 0 0 0000 0000 0000 00000000
0 00 00 00 0 0 0 0 0 0000 0000 0000 00000000
0 00 00 00 0 0 0 0 0 0000 0000 0000 00000000
0 00 00 00 0 0 0 0 0 0000 0000 0000 00000000
0 00 00 00 0 0 0 0 0 0000 0000 0000 00000000
0 00 00 00 0 0 0 0 0 0000 0000 0000 00000000
0 00 00 00 0 0 0 0 0 0000 0000 0000 00000000
0 00 00 00 0 0 0 0 0 0000 0000 0000 00000000
0 00 00 00 0 0 0 0 0 0000 0000 0000 00000000
0 00 00 00 0 0 0 0 0 0000 0000 0000 00000000
0 00 00 00 0 0 0 0 0 0000 0000 0000 00000000
0 00 00 00 0 0 0 0 0 0000 0000 0000 00000000
0 00 00 00 0 0 0 0 0 0000 0000 0000 00000000
0 00 00 00 0 0 0 0 0 0000 0000 0000 00000000
0 00 00 00 0 0 0 0 0 0000 0000 0000 00000000
0 00 00 00 0 0 0 0 0 0000 0000 0000 00000000
0 00 00 00 0 0 0 0 0 0000 0000 0000 00000000
0 00 00 00 0 0 0 0 0 0000 0000 0000 00000000
0 00 00 00 0 0 0 0 0 0000 0000 0000 00000000
0 00 00 00 0 0 0 0 0 0000 0000 0000 00000000
0 00 00 00 0 0 0 0 0 0000 0000 0000 00000000
0 00 00 00 0 0 0 0 0 0000 0000 0000 00000000
0 00 00 00 0 0 0 0 0 0000 0000 0000 00000000
0 00 00 00 0 0 0 0 0 0000 0000 0000 00000000
0 00 00 00 0 0 0 0 0 0000 0000 0000 00000000
0 00 00 00 0 0 0 0 0 0000 0000 0000 00000000
0 00 00 00 0 0 0 0 0 0000 0000 0000 00000000
0 00 00 00 0 0 0 0 0 0000 0000 0000 00000000
0 00 00 00 0 0 0 0 0 0000 0000 0000 00000000
0 00 00 00 0 0 0 0 0 0000 0000 0000 00000000
0 00 00 00 0 0 0 0 0 0000 0000 0000 00000000
0 00 00 00 0 0 0 0 0 0000 0000 0000 00000000
0 00 00 00 0 0 0 0 0 0000 0000 0000 00000000
0 00 00 00 0 0 0 0 0 0000 0000 0000 00000000
0 00 00 00 0 0 0 0 0 0000 0000 0000 00000000
0 00 00 00 0 0 0 0 0 0000 0000 0000 00000000
0 00 00 00 0 0 0 0 0 0000 0000 0000 00000000
0 00 00 00 0 0 0 0 0 0000 0000 0000 00000000
0 00 00 00 0 0 0 0 0 0000 0000 0000 00000000
0 00 00 00 0 0 0 0 0 0000 0000 0000 00000000
0 00 00 00 0 0 0 0 0 0000 0000 0000 00000000
0 00 00 00 0 0 0 0 0 0000 0000 0000 00000000
0 00 00 00 0 0 0 0 0 0000 0000 0000 00000000
0 00 00 00 0 0 0 0 0 0000 0000 0000 00000000
0 00 00 00 0 0 0 0 0 0000 0000 0000 00000000
0 00 00 00 0 0 0 0 0 0000 0000 0000 00000000
0 00 00 00 0 0 0 0 0 0000 0000 0000 00000000
0 00 00 00 0 0 0 0 0 0000 0000 0000 00000000
0 00 00 00 0 0 0 0 0 0000 0000 0000 00000000
0 00 00 00 0 0 0 0 0 0000 0000 0000 00000000
0 00 00 00 0 0 0 0 0 0000 0000 0000 00000000
0 00 00 00 0 0 0 0 0 0000 0000 0000 00000000
0 00 00 00 0 0 0 0 0 0000 0000 0000 00000000
0 00 00 00 0 0 0 0 0 0000 0000 0000 00000000
0 00 00 00 0 0 0 0 0 0000 0000 0000 00000000
0 00 00 00 0 0 0 0 0 0000 0000 0000 00000000
0 00 00 00 0 0 0 0 0 0000 0000 0000 00000000
0 00 00 00 0 0 0 0 0 0000 0000 0000 00000000
0 00 00 00 0 0 0 0 0 0000 0000 0000 00000000
0 00 00 00 0 0 0 0 0 0000 0000 0000 00000000
0 00 00 00 0 0 0 0 0 0000 0000 0000 00000000
0 00 00 00 0 0 0 0 0 0000 0000 0000 00000000
0 00 00 00 0 0 0 0 0 0000 0000 0000 00000000
0 00 00 00 0 0 0 0 0 0000 0000 0000 00000000
0 00 00 00 0 0 0 0 0 0000 0000 0000 00000000
0 00 00 00 0 0 0 0 0 0000 0000 0000 00000000
0 00 00 00 0 0 0 0 0 0000 0000 0000 00000000
0 00 00 00 0 0 0 0 0 0000 0000 0000 00000000
0 00 00 00 0 0 0 0 0 0000 0000 0000 00000000
0 00 00 00 0 0 0 0 0 0000 0000 0000 00000000
0 00 00 00 0 0 0 0 0 0000 0000 0000 00000000
0 00 00 00 0 0 0 0 0 0000 0000 0000 00000000
0 00 00 00 0 0 0 0 0 0000 0000 0000 00000000
0 00 00 00 0 0 0 0 0 0000 0000 0000 00000000
0 00 00 00 0 0 0 0 0 0000 0000 0000 00000000
0 00 00 00 0 0 0 0 0 0000 0000 0000 00000000
0 00 00 00 0 0 0 0 0 0000 0000 0000 00000000
0 00 00 00 0 0 0 0 0 0000 0000 0000 00000000
0 00 00 00 0 0 0 0 0 0000 0000 0000 00000000
0 00 00 00 0 0 0 0 0 0000 0000 0000 00000000
0 00 00 00 0 0 0 0 0 0000 0000 0000 00000000
0 00 00 00 0 0 0 0 0 0000 0000 0000 00000000
0 00 00 00 0 0 0 0 0 0000 0000 0000 00000000
0 00 00 00 0 0 0 0 0 0000 0000 0000 00000000
0 00 00 00 0 0 0 0 0 0000 0000 0000 00000000
0 00 00 00 0 0 0 0 0 0000 0000 0000 00000000
0 00 00 00 0 0 0 0 0 0000 0000 0000 00000000
0 00 00 00 0 0 0 0 0 0000 0000 0000 00000000
0 00 00 00 0 0 0 0 0 0000 0000 0000 00000000
0 00 00 00 0 0 0 0 0 0000 0000 0000 00000000
0 00 00 00 0 0 0 0 0 0000 0000 0000 00000000
0 00 00 00 0 0 0 0 0 0000 0000 0000 00000000
0 00 00 00 0 0 0 0 0 0000 0000 0000 00000000
0 00 00 00 0 0 0 0 0 0000 0000 0000 00000000
0 00 00 00 0 0 0 0 0 0000 0000 0000 00000000
0 00 00 00 0 0 0 0 0 0000 0000 0000 00000000
0 00 00 00 0 0 0 0 0 0000 0000 0000 00000000
0 00 00 00 0 0 0 0 0 0000 0000 0000 00000000
0 00 00 00 0 0 0 0 0 0000 0000 0000 00000000
0 00 00 00 0 0 0 0 0 0000 0000 0000 00000000
0 00 00 00 0 0 0 0 0 0000 0000 0000 00000000
0 00 00 00 0 0 0 0 0 0000 0000 0000 00000000
0 00 00 00 0 0 0 0 0 0000 0000 0000 00000000
0 00 00 00 0 0 0 0 0 0000 0000 0000 00000000
0 00 00 00 0 0 0 0 0 0000 0000 0000 00000000
0 00 00 00 0 0 0 0 0 0000 0000 0000 00000000
0 00 00 00 0 0 0 0 0 0000 0000 0000 00000000
0 00 00 00 0 0 0 0 0 0000 0000 0000 00000000
0 00 00 00 0 0 0 0 0 0000 0000 0000 00000000
0 00 00 00 0 0 0 0 0 0000 0000 0000 00000000
0 00 00 00 0 0 0 0 0 0000 0000 0000 00000000
0 00 00 00 0 0 0 0 0 0000 0000 0000 00000000
0 00 00 00 0 0 0 0 0 0000 0000 0000 00000000
0 00 00 00 0 0 0 0 0 0000 0000 0000 00000000